2       11
'HAMMER.OUT'
'LITHELIB.BIN'
'HELPLIB.BIN'
11          2           1  11       11 11
   0         2 3 11 CASO EXEMPLO
   1        21      REGIAO 1
   2  3 3    3 1    21125.E-04
   3  1 1  100 6    1.06283314   18.7100  2.379448 11538.E-1
   4                92236.E+00                                  1.E-24
   5                94239.E+00                                  1.E-24
   6                94240.E+00                                  1.E-24
   7                94241.E+00                                  1.E-24
   8                54135.E+00                                  1.E-24
   9                62149.E+00                                  1.E-24
  10  2 2  201      1.20661157    8.0200            332.E+00
  11  3 3  300 2  1 2.02766992713151.E-6            327.E+00
  12                 5010.E+00                                125.E-07
1 13                  304.E+00                               6632.E-07
   1        22      REGIAO 2
   2  3 3    3 1    12225.E-03
1  3  1 1  100 6    1.06283314   18.7100  2.573075 11538.E-1
   1        23      REGIAO 3
   2  3 3    3 1    21025.E-03
1  3  1 1  100 6    1.06283314   18.7100  5.000000 11538.E-1
   1         1      CALCULO ESPACIAL
   2  2 3    9          1.E+00
   3  1     21  01  33859.E-03  0.000000
   4  2     22  01  14961.E-03
1  5  3     23  01  70866.E-04
